252
1051
1091
1076
32
1073
1072
1085
1076
1102
1075
1072
32
1077
32
1079
1072
1083
1086
1078
1080
1083
32
1084
1080
1085
1080
32
1074
32
1094
1103
1083
1086
1090
1086
32
1087
1086
1083
1077
32
1086
1082
1086
1083
1086
32
13
10
1075
1088
1072
1076
1072
46
32
1058
1088
1103
1073
1074
1072
32
1076
1072
32
1075
1080
32
1085
1072
1084
1077
1088
1080
1096
32
1080
32
1086
1073
1077
1079
1074
1088
1077
1076
1080
1096
32
1087
1088
1077
1076
1080
13
10
1076
1072
32
1089
1072
32
1091
1073
1080
1083
1080
32
1085
1103
1082
1086
1075
1086
46
32
13
10
13
10
1048
1079
1073
1080
1088
1072
1096
32
1087
1086
1083
1077
44
32
1074
32
1082
1086
1077
1090
1086
32
1085
1103
1084
1072
32
1084
1080
1085
1072
32
1089
32
1083
1077
1074
1080
1103
32
1073
1091
1090
1086
1085
13
10
1080
1083
1080
32
1084
1072
1088
1082
1080
1088
1072
1096
32
1084
1080
1085
1072
32
1089
32
1076
1077
1089
1085
1080
1103
32
1073
1091
1090
1086
1085
46
32
1050
1086
1075
1072
1090
1086
13
10
1084
1072
1088
1082
1080
1088
1072
1096
32
1074
1089
1080
1095
1082
1080
32
1084
1080
1085
1080
44
32
1097
1077
32
1087
1088
1077
1084
1080
1085
1077
1096
32
1085
1080
1074
1086
1090
1086
32
33
0
